m1 = 1;
m2 = 2;
% m = [m1,m2];
m = rand(1,2)*10;
g = 9.81;
IU = [8.1667, 8.1667, 1.66667,0,0,0];
IL = [8.1667, 8.1667, 1.66667,0,0,0];
% IU = rand(1,6)*1;
% IL = rand(1,6)*1;
c = 100;
k = 100;
% rigid1C = rand(1,3)*10;
% rigid1P = rand(1,3)*10;
% rigid2C = rand(1,3)*10;
rigid1C = [0,0,5];
rigid1P = [0,0,-5];
rigid2C = [0,0,5];
force = [1,1,0]*(-0);
l0m = [12,25,15];
akt = [1,1,1];
initialConditions = [0,1,1,0,0,0,zeros(1,6)];