function fe = fe(t,in2,in3,Ixx,Iyy,Izz,l,m,g)
%FE
%    FE = FE(T,IN2,IN3,Ixx,Iyy,Izz,L,M,G)

%    This function was generated by the Symbolic Math Toolbox version 9.3.
%    14-Jul-2024 14:49:59

q0L = in2(:,8);
q1L = in2(:,4);
q2L = in2(:,5);
q3L = in2(:,6);
q0U = in2(:,7);
q1U = in2(:,1);
q2U = in2(:,2);
q3U = in2(:,3);
u0L = in3(:,8);
u0U = in3(:,7);
w1L = in3(:,4);
w2L = in3(:,5);
w3L = in3(:,6);
w1U = in3(:,1);
w2U = in3(:,2);
w3U = in3(:,3);
t2 = l.^2;
t3 = q0L.*2.0;
t4 = q1L.*2.0;
t5 = q2L.*2.0;
t6 = q1L.*4.0;
t7 = q3L.*2.0;
t8 = q2L.*4.0;
t9 = q3L.*4.0;
t10 = q0U.*2.0;
t11 = q1U.*2.0;
t12 = q2U.*2.0;
t13 = q1U.*4.0;
t14 = q3U.*2.0;
t15 = q2U.*4.0;
t16 = q3U.*4.0;
t17 = q0L.^2;
t18 = q1L.^2;
t19 = q2L.^2;
t20 = q3L.^2;
t21 = q0U.^2;
t22 = q1U.^2;
t23 = q2U.^2;
t24 = q3U.^2;
t25 = u0L.*2.0;
t26 = u0U.*2.0;
t27 = w1U.^2;
t28 = w2U.^2;
t43 = 1.0./q0L;
t45 = 1.0./q0U;
t47 = q1L.*q2L.*-2.0;
t48 = q1L.*q3L.*-2.0;
t49 = q2L.*q3L.*-2.0;
t50 = q1U.*q3U.*-2.0;
t51 = q0L.*u0L.*-2.0;
t29 = q1L.*t3;
t30 = q2L.*t3;
t31 = q3L.*t3;
t32 = q2L.*t4;
t33 = q3L.*t4;
t34 = q3L.*t5;
t35 = q1U.*t10;
t36 = q2U.*t10;
t37 = q3U.*t11;
t38 = q3U.*t12;
t39 = t3.*u0L;
t40 = t4.*u0L;
t41 = t5.*u0L;
t42 = t7.*u0L;
t44 = 1.0./t17;
t46 = 1.0./t21;
t53 = l.*t27;
t54 = l.*t28;
t55 = -t18;
t56 = -t19;
t57 = -t20;
t58 = -t22;
t59 = -t23;
t60 = q2L.*t43;
t61 = q3L.*t43;
t62 = q2U.*t45;
t63 = q3U.*t45;
t68 = t5.*t43;
t69 = t7.*t43;
t70 = t12.*t45;
t71 = t14.*t45;
t88 = t43.*t47;
t90 = t43.*t49;
t64 = q2L.*t44.*u0L;
t65 = q3L.*t44.*u0L;
t66 = q2U.*t46.*u0U;
t67 = q3U.*t46.*u0U;
t73 = t33.*t43;
t75 = t34.*t43;
t76 = t6.*t61;
t77 = t8.*t61;
t79 = t37.*t45;
t81 = t38.*t45;
t82 = t13.*t63;
t83 = t15.*t63;
t84 = t5.*t60;
t85 = t7.*t61;
t86 = t12.*t62;
t87 = t14.*t63;
t89 = q1L.*t60.*-4.0;
t91 = q3L.*t60.*-4.0;
t92 = q1U.*t62.*-2.0;
t93 = q1U.*t62.*-4.0;
t94 = q3U.*t62.*-2.0;
t95 = q3U.*t62.*-4.0;
t96 = t32.*t44.*u0L;
t98 = t34.*t44.*u0L;
t101 = t38.*t46.*u0U;
t102 = t29+t34;
t103 = t30+t33;
t104 = t31+t32;
t105 = t35+t38;
t110 = t44.*t48.*u0L;
t111 = t44.*t49.*u0L;
t112 = t46.*t50.*u0U;
t118 = t19.*t44.*u0L.*-2.0;
t119 = t20.*t44.*u0L.*-2.0;
t120 = t23.*t46.*u0U.*-2.0;
t121 = t24.*t46.*u0U.*-2.0;
t122 = t53+t54;
t132 = w1U.*(t31-t32);
t133 = w2U.*(t29-t34);
t134 = w3U.*(t30-t33);
t137 = t4+t90;
t149 = t17+t20+t55+t56;
t150 = t17+t19+t55+t57;
t151 = t17+t18+t56+t57;
t152 = t21+t24+t58+t59;
t153 = (t31-t32).*(t36-t37);
t160 = (l.*(t30-t33).*(t31-t32))./2.0;
t99 = t11.*t66;
t113 = q3U.*t66.*-2.0;
t123 = t103.*w1U;
t124 = t104.*w2U;
t125 = t102.*w3U;
t126 = t4+t75;
t127 = t5+t73;
t128 = t6+t77;
t129 = t11+t81;
t130 = t12+t79;
t131 = t13+t83;
t135 = t3+t85;
t136 = t10+t87;
t138 = t6+t91;
t139 = t11+t94;
t140 = t13+t95;
t141 = -t132;
t142 = -t133;
t143 = -t134;
t148 = t104.*t105;
t155 = t151.*w1U;
t156 = t150.*w2U;
t157 = t149.*w3U;
t158 = (l.*t102.*t104)./2.0;
t159 = (l.*t104.*(t31-t32))./2.0;
t162 = t102.*t152;
t163 = t105.*t150;
t164 = t152.*(t30-t33);
t165 = t151.*(t36-t37);
t166 = (l.*t102.*t151)./2.0;
t167 = (l.*t150.*(t30-t33))./2.0;
t188 = (l.*t150.*t151)./2.0;
t144 = 1.0./t135;
t146 = 1.0./t136;
t154 = -t148;
t191 = t124+t143+t155+w1L;
t192 = t125+t141+t156+w2L;
t193 = t123+t142+t157+w3L;
t217 = t158+t167;
t225 = t159+t188;
t226 = t153+t162+t163;
t145 = t144.^2;
t147 = t146.^2;
t168 = t61.*t126.*t144;
t169 = t63.*t129.*t146;
t172 = t65.*t126.*t144;
t173 = t67.*t129.*t146;
t180 = t126.*t127.*t144;
t181 = t129.*t130.*t146;
t182 = t126.*t137.*t144;
t184 = t129.*t139.*t146;
t194 = t192.*w1L;
t195 = t191.*w2L;
t196 = t193.*w1L;
t197 = t191.*w3L;
t198 = t193.*w2L;
t199 = t192.*w3L;
t200 = t191.^2;
t201 = t192.^2;
t227 = t154+t164+t165;
t242 = Ixx.*t191.*t192;
t243 = Ixx.*t191.*t193;
t244 = Iyy.*t191.*t192;
t245 = Iyy.*t192.*t193;
t246 = Izz.*t191.*t193;
t247 = Izz.*t192.*t193;
t255 = (l.*t191.*t193)./2.0;
t256 = (l.*t192.*t193)./2.0;
t174 = -t168;
t175 = t168.*-2.0;
t176 = -t169;
t177 = t169.*-2.0;
t178 = -t172;
t179 = -t173;
t183 = t180.*2.0;
t185 = t181.*2.0;
t202 = -t195;
t203 = -t197;
t204 = -t199;
t205 = t7+t88+t180;
t206 = t14+t92+t181;
t207 = t3+t84+t182;
t208 = t10+t86+t184;
t209 = (l.*t200)./2.0;
t210 = (l.*t201)./2.0;
t250 = -t244;
t251 = -t246;
t252 = -t247;
t186 = t60+t174;
t187 = t62+t176;
t189 = t68+t175;
t190 = t70+t177;
t211 = t9+t89+t183;
t212 = t16+t93+t185;
t213 = 1.0./t207;
t215 = 1.0./t208;
t259 = t194+t202;
t260 = t196+t203;
t261 = t198+t204;
t279 = t209+t210;
t214 = t213.^2;
t216 = t215.^2;
t218 = t213.*w3L;
t219 = t215.*w3U;
t221 = t5.*t213;
t222 = t12.*t215;
t228 = t126.*t144.*t213.*w2L;
t229 = t129.*t146.*t215.*w2U;
t236 = t7.*t137.*t144.*t213;
t237 = t14.*t139.*t146.*t215;
t248 = t182.*t213;
t249 = t184.*t215;
t262 = t186.*t213.*w1L;
t263 = t187.*t215.*w1U;
t276 = Ixx.*t261;
t277 = Iyy.*t260;
t278 = Izz.*t259;
t280 = t205.*t213.*u0L;
t281 = t206.*t215.*u0U;
t282 = t137.*t186.*t213;
t283 = t139.*t187.*t215;
t286 = t25.*t205.*t213;
t287 = t26.*t206.*t215;
t302 = t137.*t205.*t213;
t303 = t139.*t206.*t215;
t223 = t218.*2.0;
t224 = t219.*2.0;
t230 = t126.*t144.*t221;
t231 = t129.*t146.*t222;
t232 = t137.*t144.*t218;
t233 = t228.*2.0;
t234 = t139.*t146.*t219;
t235 = t229.*2.0;
t253 = t248.*2.0;
t254 = t249.*2.0;
t264 = t248-1.0;
t265 = t249-1.0;
t266 = t186.*t221;
t267 = t187.*t222;
t268 = t262.*2.0;
t269 = t263.*2.0;
t272 = -t262;
t274 = -t263;
t284 = t205.*t221;
t285 = t206.*t222;
t288 = t282.*2.0;
t289 = t283.*2.0;
t292 = t61+t282;
t293 = t63+t283;
t304 = t302.*2.0;
t305 = t303.*2.0;
t306 = -t302;
t308 = -t303;
t324 = t221+t236;
t325 = t222+t237;
t364 = t242+t250+t278;
t365 = t243+t251+t277;
t366 = t245+t252+t276;
t238 = t137.*t144.*t223;
t239 = t139.*t146.*t224;
t240 = t232.*-2.0;
t241 = t234.*-2.0;
t270 = t253-2.0;
t271 = t254-2.0;
t273 = -t268;
t275 = -t269;
t290 = t144.*t264.*w2L;
t291 = t146.*t265.*w2U;
t294 = t7.*t144.*t264;
t295 = t14.*t146.*t265;
t300 = t69+t288;
t301 = t71+t289;
t307 = -t304;
t309 = -t305;
t310 = t144.*t292.*w1L;
t311 = t146.*t293.*w1U;
t312 = t127+t306;
t314 = t130+t308;
t316 = t7.*t144.*t292;
t317 = t14.*t146.*t293;
t326 = t43.*t324.*w3L;
t327 = t45.*t325.*w3U;
t367 = t218+t228+t272+t280;
t368 = t219+t229+t274+t281;
t296 = t290.*2.0;
t297 = t291.*2.0;
t313 = t8+t76+t307;
t315 = t15+t82+t309;
t318 = t310.*2.0;
t319 = t311.*2.0;
t320 = -t310;
t322 = -t311;
t328 = t144.*t312.*u0L;
t329 = t146.*t314.*u0U;
t332 = t25.*t144.*t312;
t333 = t26.*t146.*t314;
t334 = q3L.*t144.*t312.*-2.0;
t335 = q3U.*t146.*t314.*-2.0;
t340 = t326./2.0;
t341 = t327./2.0;
t342 = t230+t294;
t343 = t231+t295;
t348 = t266+t316-1.0;
t349 = t267+t317-1.0;
t369 = t3.*t367;
t370 = t4.*t367;
t371 = t5.*t367;
t372 = t7.*t367;
t373 = q3L.*t367.*-2.0;
t374 = t43.*t367;
t375 = t45.*t368;
t377 = t68.*t367;
t380 = t70.*t368;
t385 = t60.*t367.*-2.0;
t387 = t62.*t368.*-2.0;
t298 = -t296;
t299 = -t297;
t321 = -t318;
t323 = -t319;
t336 = -t328;
t337 = t328.*-2.0;
t338 = -t329;
t339 = t329.*-2.0;
t344 = t43.*t342.*w2L;
t345 = t45.*t343.*w2U;
t350 = t43.*t348.*w1L;
t351 = t45.*t349.*w1U;
t358 = t4+t284+t334;
t359 = t11+t285+t335;
t376 = t43.*t370;
t378 = t9.*t374;
t379 = t11.*t375;
t381 = t16.*t375;
t382 = -t374;
t383 = -t375;
t390 = t126.*t144.*t374;
t391 = t129.*t146.*t375;
t346 = t344./2.0;
t347 = t345./2.0;
t352 = -t350;
t353 = -t351;
t354 = t350./2.0;
t355 = t351./2.0;
t360 = t43.*t358.*u0L;
t361 = t45.*t359.*u0U;
t388 = t25+t119+t378;
t389 = t26+t121+t381;
t408 = t232+t290+t320+t336;
t409 = t234+t291+t322+t338;
t356 = -t354;
t357 = -t355;
t362 = t360./2.0;
t363 = t361./2.0;
t392 = t61.*t126.*t145.*t388;
t393 = t63.*t129.*t147.*t389;
t396 = t126.*t127.*t145.*t388;
t397 = t129.*t130.*t147.*t389;
t398 = t126.*t137.*t145.*t388;
t399 = t129.*t139.*t147.*t389;
t410 = t3.*t408;
t411 = q1L.*t408.*2.0;
t412 = q2L.*t408.*2.0;
t414 = -t4.*t408;
t415 = q3L.*t408.*-2.0;
t416 = t43.*t408;
t417 = t45.*t409;
t419 = t69.*t408;
t422 = t71.*t409;
t424 = t61.*t408.*-2.0;
t426 = t63.*t409.*-2.0;
t394 = -t392;
t395 = -t393;
t400 = -t396;
t401 = -t397;
t402 = -t398;
t403 = -t399;
t404 = t213.*t398;
