function mm = mm(t,in2,in3,Ixx,Iyy,Izz,l,m,g)
%MM
%    MM = MM(T,IN2,IN3,Ixx,Iyy,Izz,L,M,G)

%    This function was generated by the Symbolic Math Toolbox version 9.3.
%    14-Jul-2024 14:48:09

q0L = in2(:,8);
q1L = in2(:,4);
q2L = in2(:,5);
q3L = in2(:,6);
q0U = in2(:,7);
q1U = in2(:,1);
q2U = in2(:,2);
q3U = in2(:,3);
t2 = l.^2;
t3 = q0L.*2.0;
t4 = q1L.*2.0;
t5 = q2L.*2.0;
t6 = q3L.*2.0;
t7 = q0U.*2.0;
t8 = q1U.*2.0;
t9 = q2U.*2.0;
t10 = q3U.*2.0;
t11 = q0L.^2;
t12 = q1L.^2;
t13 = q2L.^2;
t14 = q3L.^2;
t23 = 1.0./q0L;
t24 = 1.0./q0U;
t25 = q1L.*q2L.*-2.0;
t27 = q2L.*q3L.*-2.0;
t17 = q1L.*t3;
t18 = q2L.*t3;
t19 = q3L.*t3;
t20 = q2L.*t4;
t21 = q3L.*t4;
t22 = q3L.*t5;
t28 = -t12;
t29 = -t13;
t30 = -t14;
t31 = q2L.*t23;
t32 = q3L.*t23;
t33 = q2U.*t24;
t34 = q3U.*t24;
t41 = (m.*t2)./4.0;
t46 = t23.*t25;
t47 = t23.*t27;
t36 = t21.*t23;
t37 = t22.*t23;
t39 = t8.*t34;
t40 = t9.*t34;
t42 = t5.*t31;
t43 = t6.*t32;
t44 = t9.*t33;
t45 = t10.*t34;
t48 = q1U.*t33.*-2.0;
t49 = q3U.*t33.*-2.0;
t50 = t17+t22;
t51 = t18+t21;
t52 = t19+t20;
t63 = (t18-t21).^2;
t64 = (t19-t20).^2;
t67 = Ixx.*(t18-t21);
t68 = Iyy.*(t19-t20);
t69 = Izz.*(t17-t22);
t72 = t4+t47;
t81 = (t2.*(t19-t20))./2.0;
t82 = (t2.*(t19-t20))./4.0;
t85 = t11+t14+t28+t29;
t86 = t11+t13+t28+t30;
t87 = t11+t12+t29+t30;
t88 = m.*t2.*(t18-t21).*(-1.0./4.0);
t56 = t50.^2;
t57 = t52.^2;
t58 = Ixx.*t52;
t59 = Iyy.*t50;
t60 = Izz.*t51;
t61 = t4+t37;
t62 = t5+t36;
t65 = t8+t40;
t66 = t9+t39;
t70 = t3+t43;
t71 = t7+t45;
t73 = t8+t49;
t74 = -t67;
t75 = -t68;
t76 = -t69;
t77 = (t2.*t52)./2.0;
t78 = (t2.*t52)./4.0;
t83 = t41.*t50;
t89 = Ixx.*t87;
t90 = Iyy.*t86;
t91 = Izz.*t85;
t95 = t86.^2;
t96 = t87.^2;
t100 = (l.*t52.*(t19-t20))./2.0;
t101 = (t2.*t86)./2.0;
t102 = (t2.*t87)./2.0;
t103 = (t2.*t86)./4.0;
t104 = (t2.*t87)./4.0;
t106 = t50.*t82;
t140 = (l.*t86.*t87)./2.0;
t79 = 1.0./t70;
t80 = 1.0./t71;
t92 = t58.*(t18-t21);
t93 = t59.*(t19-t20);
t94 = t60.*(t17-t22);
t105 = t77.*(t19-t20);
t107 = t78.*(t18-t21);
t109 = t59+t83;
t110 = t58.*t87;
t111 = t59.*t86;
t112 = t60.*t85;
t116 = t74.*t87;
t117 = t75.*t86;
t118 = t76.*t85;
t119 = t74+t88;
t122 = t78+t81;
t123 = t77+t82;
t125 = t78.*t87;
t128 = t104.*(t18-t21);
t141 = t87.*t101;
t144 = t101+t104;
t145 = t102+t103;
t154 = t100+t140;
t97 = -t92;
t98 = -t93;
t99 = -t94;
t120 = t32.*t61.*t79;
t121 = t34.*t65.*t80;
t126 = m.*t122;
t127 = m.*t123;
t134 = t61.*t62.*t79;
t135 = t65.*t66.*t80;
t136 = t61.*t72.*t79;
t137 = t65.*t73.*t80;
t148 = m.*t144;
t149 = m.*t145;
t155 = l.*t154;
t158 = m.*(t125-(t2.*t86.*(t19-t20))./4.0);
t131 = -t120;
t132 = -t121;
t133 = -t127;
t142 = t58+t126;
t146 = t6+t46+t134;
t147 = t10+t48+t135;
t150 = t3+t42+t136;
t151 = t7+t44+t137;
t159 = t89+t148;
t160 = t90+t149;
t175 = t99+t110+t117+t158;
t138 = t31+t131;
t139 = t33+t132;
t143 = t75+t133;
t152 = 1.0./t150;
t153 = 1.0./t151;
t161 = t136.*t152;
t162 = t137.*t153;
t165 = t72.*t138.*t152;
t166 = t73.*t139.*t153;
t169 = t72.*t146.*t152;
t170 = t73.*t147.*t153;
t163 = t161-1.0;
t164 = t162-1.0;
t167 = t32+t165;
t168 = t34+t166;
t171 = -t169;
t172 = -t170;
t173 = t62+t171;
t174 = t66+t172;
mt1 = [1.0,0.0,0.0,0.0,0.0,0.0,0.0,0.0,0.0,0.0,0.0,0.0,0.0,0.0,0.0,0.0,0.0,1.0,0.0,0.0,0.0,0.0,0.0,0.0,0.0,0.0,0.0,0.0,0.0,0.0,0.0,0.0,0.0,0.0,1.0,0.0,0.0,0.0,0.0,0.0,0.0,0.0,0.0,0.0,0.0,0.0,0.0,0.0,0.0,0.0,0.0,1.0,0.0,0.0,0.0,0.0,0.0,0.0,0.0,0.0,0.0,0.0,0.0,0.0,0.0,0.0,0.0,0.0,1.0,0.0,0.0,0.0,0.0,0.0,0.0,0.0,0.0,0.0,0.0,0.0,0.0,0.0,0.0,0.0,0.0,1.0,0.0,0.0,0.0,0.0,0.0,0.0,0.0,0.0,0.0,0.0,0.0,0.0,0.0,0.0,0.0,0.0,1.0,0.0,0.0,0.0,0.0,0.0,0.0,0.0,0.0,0.0,0.0,0.0,0.0,0.0,0.0,0.0,0.0,1.0,0.0,0.0,0.0,0.0,0.0,0.0,0.0,0.0,0.0,0.0,0.0,0.0,0.0,0.0,0.0,0.0,Ixx+t41+Iyy.*t64+t51.*t60+t87.*t89+m.*(t2+t105+t141+t155+(t2.*t64)./4.0+(t2.*t96)./4.0),t175,t98+t112+t116-m.*(t106+t128+t50.*t77+t101.*(t18-t21)),t159,t143,t60];
mt2 = [-q1U.*t24.*(t10.*t80.*t168+t9.*t139.*t153-1.0)-q3U.*t139.*t153.*2.0+t9.*t80.*t168,0.0,0.0,0.0,0.0,0.0,0.0,0.0,0.0,0.0,t175,Iyy+t41+Ixx.*t57+t86.*t90+t69.*(t17-t22)+m.*(t2+t105+t141+t155+(t2.*t57)./4.0+(t2.*t95)./4.0),t97+t111+t118-m.*(t107+t81.*(t18-t21)-(t2.*t50.*t86)./4.0-(t2.*t50.*t87)./2.0),t142,t160,t76,q1U.*t24.*(t10.*t80.*t164+t9.*t65.*t80.*t153)-q2U.*t80.*t164.*2.0+t10.*t65.*t80.*t153,0.0,0.0,0.0,0.0,0.0,0.0,0.0,0.0,0.0,t98+t112+t116-m.*(t106+t128+l.*((l.*t50.*t52)./2.0+(l.*t86.*(t18-t21))./2.0))];
mt3 = [t97+t111+t118-m.*(t107+l.*((l.*(t18-t21).*(t19-t20))./2.0-(l.*t50.*t87)./2.0)-(t2.*t50.*t86)./4.0),Izz+Ixx.*t63+Iyy.*t56+t85.*t91+m.*((t2.*t56)./4.0+(t2.*t63)./4.0),t119,t109,t91,t10.*t153+q1U.*t24.*(t9.*t153+t10.*t73.*t80.*t153)-q2U.*t73.*t80.*t153.*2.0,0.0,0.0,0.0,0.0,0.0,0.0,0.0,0.0,0.0,t159,t142,t119,Ixx+t41,0.0,0.0,0.0,-q1L.*t23.*(t6.*t79.*t167+t5.*t138.*t152-1.0)-q3L.*t138.*t152.*2.0+t5.*t79.*t167,0.0,0.0,0.0,0.0,0.0,0.0,0.0,0.0,t143,t160,t109,0.0,Iyy+t41,0.0,0.0,q1L.*t23.*(t6.*t79.*t163+t5.*t61.*t79.*t152)-q2L.*t79.*t163.*2.0+t6.*t61.*t79.*t152,0.0,0.0,0.0,0.0,0.0,0.0,0.0,0.0,t60,t76,t91,0.0,0.0,Izz,0.0];
mt4 = [t6.*t152+q1L.*t23.*(t5.*t152+t6.*t72.*t79.*t152)-q2L.*t72.*t79.*t152.*2.0,0.0,0.0,0.0,0.0,0.0,0.0,0.0,0.0,0.0,0.0,0.0,0.0,0.0,0.0,t7+q1U.*t24.*(t8-q3U.*t80.*t174.*2.0+t9.*t147.*t153)+t9.*t80.*t174+t10.*t147.*t153,0.0,0.0,0.0,0.0,0.0,0.0,0.0,0.0,0.0,0.0,0.0,0.0,0.0,0.0,0.0,0.0,t3+q1L.*t23.*(t4-q3L.*t79.*t173.*2.0+t5.*t146.*t152)+t5.*t79.*t173+t6.*t146.*t152];
mm = reshape([mt1,mt2,mt3,mt4],16,16);
end
